Our customers (at the core),What they want,What we provide
,"Savings; Loans; Credit Cards; Current
Accounts",
,"Current Accounts; Growth Funding; Security
against risk and Advice on starting, buying
and selling businesses",
,"Raise or deploy capital; Move money in and
across jurisdictions; Advice on mergers and
acquisitions",
