"11
EABL 2020 Integrated Report and Financial Statements",Column
,11
