Column,"AFRICAN BANKER
AWARDS 2014
RWANDA RWANDA RWANDA"
"2014
102
For more information call 4455 or visit your Branch Manager
Annual Report",
